==========================================
       4-BIT ALU SIMULATION
==========================================
Time    A       B       Opcode  Result  Carry
------------------------------------------
10      5       3       000     8       0
20      9       4       001     5       0
30      12      10      010     8       0
40      8       3       011     11      0
50      10      6       100     12      0
60      5       0       101     10      0
70      7       0       110     8       0
80      9       0       111     8       0
------------------------------------------
Simulation Completed Successfully!
==========================================